14523
1471
13040
12

81 196 50 68 

16
156 112 147 6 183 94 96 92 151 97 95 
27 132 69 162 31 148 182 88 190 127 167 
105 26 195 109 54 130 155 4 179 149 
152 58 171 74 75 197 72 21 180 53 
111 76 102 157 33 185 79 129 169 29 121 80 150 28 
137 2 178 115 57 144 87 172 42 142 14 119 192 117 13 
52 153 106 194 7 123 19 62 159 108 10 189 146 
89 5 93 85 193 100 37 98 59 
184 116 77 3 158 24 163 134 177 12 138 154 
166 60 118 83 199 45 125 174 8 114 18 
176 1 51 9 120 78 34 164 135 35 136 65 20 122 
198 110 56 186 23 67 170 39 187 139 25 55 165 
124 36 143 49 64 175 107 11 126 63 181 131 32 90 
40 73 22 133 41 145 15 43 38 140 44 141 191 91 99 104 
101 70 30 160 128 188 66 71 161 103 
84 173 61 16 86 113 17 46 47 168 48 82 