40619
1485
39104
30

81 61 86 161 17 

16
147 6 94 95 59 92 151 97 117 112 156 
132 176 1 101 162 31 190 127 167 27 
53 105 26 149 195 109 177 12 154 138 
152 58 21 75 22 133 74 72 198 180 
50 102 157 33 185 79 129 78 169 121 29 24 163 134 28 
13 137 2 115 178 57 144 87 172 42 142 14 119 192 91 
146 52 153 106 194 7 182 123 19 62 159 148 88 
183 96 104 99 173 113 16 141 85 93 
111 76 196 77 3 158 68 80 150 116 184 
166 60 118 5 84 45 125 174 8 82 
122 20 103 9 120 164 34 135 35 136 65 71 51 
110 155 139 187 39 170 67 23 186 56 197 
168 47 36 143 49 64 175 107 11 126 63 90 108 189 
40 73 171 41 145 15 43 38 140 44 191 193 100 37 98 
69 70 30 188 66 128 160 131 32 181 10 
89 18 83 199 114 46 124 48 54 130 165 55 25 4 179 