40660
1530
39104
26

81 161 23 131 

16
89 166 147 6 183 94 95 92 151 97 117 112 
27 132 69 162 31 190 127 167 156 
138 154 12 109 177 163 24 134 54 195 26 
58 152 72 197 75 133 74 73 21 180 105 
50 102 157 33 185 79 129 78 169 29 121 80 150 116 184 
13 137 2 115 178 57 144 87 172 42 142 14 119 192 
52 153 106 7 82 124 168 62 159 108 10 189 148 
96 99 104 59 93 85 193 100 37 98 61 173 84 
28 76 196 77 3 158 68 55 165 130 179 149 
5 118 60 83 114 8 174 45 125 199 18 
146 1 9 120 34 164 135 35 136 65 71 103 51 
110 4 155 56 186 39 67 170 25 187 139 198 
63 126 11 175 107 123 48 19 64 181 32 90 88 
53 40 171 22 41 145 15 43 38 140 44 141 191 91 
176 101 70 30 160 128 66 188 20 122 111 
16 86 113 17 46 47 36 143 49 182 194 