14616
1565
13040
11

81 13 54 61 

16
89 147 6 183 94 59 95 97 117 112 
18 82 168 47 36 143 49 64 90 190 127 167 
156 152 58 195 109 134 24 163 177 138 154 
53 105 180 21 73 171 74 72 198 110 149 26 
111 50 102 157 33 185 79 129 78 169 29 121 184 28 
137 87 144 2 178 57 172 42 142 14 192 119 44 191 91 
146 153 106 194 182 148 62 159 108 189 10 
99 104 92 151 37 100 193 16 86 113 17 5 
76 196 116 77 3 158 68 150 80 12 
98 85 173 84 45 125 174 8 114 83 60 166 
176 1 51 9 120 34 164 135 35 136 65 122 132 
40 115 145 41 75 56 186 23 67 39 187 139 179 
52 123 19 107 175 11 126 63 181 32 131 70 162 27 
4 155 197 133 22 15 43 38 140 141 93 96 
20 188 103 161 71 66 128 160 30 101 
118 199 46 124 48 7 88 31 69 170 25 55 165 130 