14896
1854
13040
2

81 

16
156 112 89 147 6 183 94 95 92 151 97 117 
146 27 167 69 132 176 1 101 162 31 190 127 88 36 46 
53 105 26 149 195 109 12 138 154 28 76 78 55 
58 152 40 180 21 73 171 22 133 74 72 
111 50 102 157 33 185 79 129 169 121 29 24 163 
13 137 2 178 115 57 144 87 172 42 142 14 119 192 91 
166 124 168 106 194 182 148 62 159 10 189 
96 99 104 59 93 85 193 100 37 98 61 173 84 
184 116 196 77 3 158 68 80 150 177 130 165 
5 118 60 83 199 114 8 174 125 45 153 
52 7 108 122 51 9 120 164 34 135 35 136 71 20 
179 110 198 197 56 186 23 39 187 139 25 4 41 43 
82 48 123 19 107 175 11 126 63 32 131 128 70 
134 54 155 75 145 15 38 140 44 141 16 18 
30 160 188 103 161 65 66 181 90 
191 86 113 17 47 143 49 64 170 67 