40977
1772
39104
101

143 17 36 81 161 50 76 54 138 

16
156 112 89 147 6 183 94 95 92 151 97 117 
146 27 167 69 132 1 101 70 90 31 190 88 7 46 52 
53 105 26 149 195 12 109 165 55 24 78 
58 152 40 180 21 73 171 22 133 74 72 28 
176 102 157 33 185 79 129 169 121 29 163 184 
13 137 2 178 115 57 144 172 42 142 43 14 119 192 91 
166 18 153 106 194 182 148 62 159 10 189 
96 99 104 59 93 85 193 100 37 98 61 173 84 
111 116 196 77 3 158 68 80 150 177 154 
5 118 60 83 199 114 8 45 125 174 124 
127 162 30 122 51 9 120 164 34 135 35 136 71 20 
179 110 198 197 56 186 23 39 187 25 139 75 41 87 
82 48 123 19 107 175 11 126 63 32 131 128 
134 130 155 4 145 15 38 140 44 141 191 
108 181 188 103 65 66 160 
16 86 113 47 168 49 64 170 67 