15077
2037
13040
0



16
156 112 89 147 6 183 94 95 97 117 92 151 
27 146 167 69 132 176 1 101 162 31 190 127 52 7 46 
53 105 26 149 195 109 12 138 154 28 76 78 55 
58 152 40 180 21 73 72 74 171 22 133 24 
111 50 102 157 33 81 185 79 129 169 121 29 163 90 
13 137 2 178 115 57 144 87 172 42 142 14 119 192 91 17 
166 18 153 106 194 182 148 62 159 10 189 
96 99 104 59 93 85 193 100 37 98 61 173 84 
184 116 196 77 3 158 68 80 150 177 54 165 
60 118 5 83 199 114 8 174 125 45 124 
88 70 30 122 51 9 120 164 34 135 35 136 71 20 
179 110 198 197 56 186 23 39 187 139 4 25 41 43 
82 48 123 19 107 175 11 126 63 32 131 128 36 
130 134 155 75 145 15 44 141 191 16 140 38 
108 160 188 103 161 66 65 181 
113 86 143 47 168 49 64 170 67 